227
136
434
785
961
1191
1348
1388
1110
722
178
82
158
-16
473
702
960
1124
1465
1309
1080
899
400
84
420
273
379
840
1090
1351
1331
1409
1078
951
581
324
70
318
420
832
1036
1238
1286
1272
1164
839
299
348
-87
119
861
881
1074
1282
1251
1238
1230
925
664
360
-6
71
535
864
1134
1317
1267
1270
1425
857
438
470
475
143
611
926
1074
1184
1255
1318
1075
739
364
125
311
152
494
895
1300
1465
1663
1601
900
737
374
-51
-72
84
367
559
971
1150
1105
1148
538
843
487
522
316
169
288
623
1042
1049
1385
1323
1030
665
140
-54
185
-100
313
665
860
987
1231
1180
948
838
376
131
97
285
383
938
1318
1625
1458
1353
924
838
72
684
319
75
491
692
947
1142
1380
1170
910
940
493
164
-38
-151
337
645
866
1372
1296
1271
943
746
503
216
478
226
392
634
814
1101
1224
1196
1253
823
710
415
240
405
546
731
838
1273
1335
1245
1060
832
457
-9
368
321
457
789
1106
1219
1384
1384
1108
994
450
-1
276
426
263
676
1135
1196
1489
1327
1158
1101
320
-166
-103
-31
345
588
1023
1289
1259
1231
1037
753
507
319
117
193
559
943
1227
1305
1348
1269
766
545
63
268
267
-145
570
680
912
1034
1155
1228
1147
852
703
565
-172
-33
207
668
1139
1262
1408
1269
1288
739
436
219
27
10
521
616
1005
1325
1423
1191
1177
1062
771
87
40
190
602
985
1055
1344
1391
1401
1173
636
773
32
382
320
687
1365
1297
1513
1411
1226
1118
600
257
494
521
481
406
775
983
1337
1468
1271
1296
1116
368
6
357
162
366
680
1192
1277
1494
1197
1039
873
727
691
384
281
275
798
998
1145
1318
1301
964
846
579
397
494
188
747
794
932
1463
1366
1505
1060
679
426
195
388
418
648
1081
1009
1257
1427
1437
1222
902
490
363
331
295
997
1163
1183
1469
1337
1128
1243
924
479
369
168
269
390
796
935
1326
1465
1200
1151
1065
591
156
45
72
550
836
1152
1288
1575
1422
1131
758
457
32
402
229
520
878
1244
1242
1408
1139
1050
576
531
367
77
213
498
651
1086
1358
1540
1181
992
731
598
239
59
62
339
682
1164
1343
1486
1232
1104
870
420
180
188
377
607
855
1117
1430
1486
1391
1139
804
341
349
187
259
459
827
1216
1244
1383
1210
1083
831
515
115
299
254
523
755
1154
1542
1476
1354
1228
958
364
457
145
225
461
823
1105
1421
1398
1369
1072
966
606
371
248
246
396
737
1114
1260
1404
1296
1146
850
533
322
245
264
594
700
1087
1249
1403
1334
1086
916
583
150
297
233
495
840
1155
1357
1288
1414
1068
823
591
235
398
325
585
798
1110
1330
1367
1335
1114
858
453
465
252
411
579
937
998
1191
1398
1429
1188
905
582
435
412
398
640
898
1022
1389
1445
1227
1103
878
638
464
302
114
453
813
1222
1324
1498
1365
1162
859
393
551
492
233
385
766
1163
1285
1448
1399
1190
817
584
367
290
490
446
819
1092
1356
1498
1306
1139
904
446
317
133
126
551
821
1112
1337
1401
1369
1207
910
516
340
228
262
576
791
1121
1268
1401
1279
1214
879
588
416
336
436
414
883
1062
1328
1328
1340
1286
859
679
507
322
350
522
741
1140
1323
1382
1376
1202
823
552
207
134
296
605
834
1151
1363
1507
1394
1263
886
519
363
145
217
638
903
1142
1461
1463
1411
1196
1005
517
403
213
367
507
816
1192
1353
1537
1364
1045
745
675
404
236
257
482
852
1016
1291
1485
1416
1115
827
653
209
281
257
380
625
1112
1320
1384
1437
1183
935
700
225
159
213
429
627
1101
1352
1355
1458
1073
768
350
148
35
121
466
646
1080
1175
1347
1280
1149
641
448
214
200
266
342
613
970
1184
1268
1145
984
736
530
228
8
169
346
696
1017
1121
1380
1216
983
694
625
237
-39
12
377
640
958
1330
1558
1189
1050
776
383
-13
151
-61
509
833
1069
1322
1340
1396
1137
1000
488
297
116
49
393
617
1043
1150
1322
1233
1040
1002
880
307
170
157
350
675
885
1337
1370
1295
1009
715
378
386
4
179
460
748
933
1128
1297
1207
844
736
381
285
317
255
512
639
875
1109
1371
1040
898
796
295
240
25
338
675
799
1141
1240
1361
1212
933
827
529
232
161
79
399
696
1023
1200
1292
1270
1153
831
535
181
177
255
582
847
1100
1258
1256
1288
1034
769
456
397
310
304
473
821
1018
1196
1335
1172
1109
855
505
369
352
533
494
742
1082
1296
1349
1234
1050
763
348
268
147
271
440
742
1141
1314
1341
1213
1036
758
487
383
206
311
533
817
1105
1377
1376
1316
1084
870
746
393
214
297
610
793
1133
1254
1345
1255
1093
930
575
309
93
269
537
887
1096
1356
1355
1285
1144
1003
760
483
318
383
656
874
1124
1362
1406
1288
1133
941
552
188
137
352
572
829
1155
1339
1389
1174
1147
896
523
300
103
272
465
821
1045
1313
1358
1231
1138
823
517
422
354
239
570
719
1050
1366
1365
1217
1081
1064
702
333
180
239
467
791
1077
1254
1257
1173
1056
767
468
297
126
244
492
745
1027
1239
1249
1199
1134
747
371
331
214
201
472
765
1072
1249
1338
1289
1078
991
580
141
205
354
505
821
1049
1285
1350
1309
1132
976
573
408
233
223
463
715
976
1172
1247
1162
1072
733
397
306
186
305
399
707
997
1221
1247
1223
1144
714
561
335
205
156
327
663
975
1194
1311
1234
1036
752
494
67
93
142
416
694
1031
1303
1363
1265
1130
833
521
341
288
44
479
723
1040
1335
1430
1253
1091
711
380
382
152
176
469
804
1091
1340
1325
1260
1022
723
450
188
194
98
350
750
1052
1327
1380
1241
1137
785
498
284
220
349
504
734
1015
1233
1341
1251
1102
794
618
415
333
254
468
686
1008
1268
1344
1283
1136
799
625
302
149
242
419
695
1036
1261
1324
1249
1136
748
431
371
95
228
494
725
1043
1306
1372
1277
1050
823
417
434
284
402
425
769
1107
1358
1421
1334
1089
815
610
376
290
168
476
736
1036
1297
1356
1313
1130
859
413
151
306
250
489
734
1074
1318
1346
1255
1133
824
444
297
188
297
373
690
1050
1318
1375
1261
1153
877
427
168
231
260
391
679
1065
1323
1415
1300
1070
766
483
341
178
179
402
777
1083
1329
1387
1325
1172
783
544
324
172
138
420
788
1056
1314
1332
1301
1153
755
610
279
137
174
433
769
1084
1341
1413
1317
1123
769
530
222
122
246
447
778
1031
1337
1401
1315
1251
869
593
374
238
242
545
807
1063
1264
1372
1280
1121
821
438
369
151
212
466
748
1118
1300
1329
1252
1076
830
575
279
159
214
363
675
1033
1288
1353
1288
1091
822
590
358
155
260
511
770
1096
1279
1360
1282
1151
895
480
303
199
273
539
834
1105
1294
1361
1277
1168
886
553
280
183
115
463
792
1104
1323
1421
1353
1148
793
388
138
151
222
435
733
1079
1304
1413
1307
1100
881
519
152
95
205
399
772
1060
1298
1351
1273
1095
777
391
399
271
255
499
806
1079
1288
1366
1279
1078
842
498
239
186
236
436
798
1113
1323
1378
1309
1141
816
453
383
141
184
426
779
1088
1326
1399
1347
1188
919
505
390
150
213
467
774
1055
1362
1382
1326
1126
899
643
334
184
227
504
738
1101
1323
1394
1347
1191
993
608
273
113
228
505
803
1096
1352
1409
1316
1207
815
557
318
275
209
479
812
1114
1339
1427
1400
1167
877
505
288
132
231
477
809
1140
1352
1380
1365
1150
857
452
223
98
244
519
766
1083
1327
1423
1325
1178
792
521
254
159
256
462
797
1072
1323
1415
1354
1183
821
478
285
242
244
422
783
1107
1322
1410
1315
1192
876
600
355
236
191
502
816
1105
1310
1415
1380
1186
867
568
249
170
209
445
766
1093
1317
1374
1301
1138
765
509
292
200
262
507
762
1092
1332
1384
1341
1168
815
452
319
221
313
490
804
1117
1367
1454
1385
1203
929
522
295
307
445
577
799
1160
1393
1457
1388
1202
942
570
327
196
279
463
777
1108
1328
1368
1313
1198
857
491
274
131
233
442
801
1100
1317
1413
1308
1144
887
546
343
193
282
524
814
1047
1316
1409
1341
1162
834
561
401
255
284
460
782
1057
1273
1405
1349
1125
810
452
255
129
282
463
775
1111
1302
1363
1307
1176
804
568
319
190
175
413
715
1038
1266
1367
1301
1129
829
553
211
159
252
439
752
1053
1306
1375
1318
1156
846
608
247
110
200
481
769
1059
1326
1372
1333
1133
832
594
187
143
238
473
778
1065
1308
1348
1341
1147
861
527
280
137
217
471
761
1065
1327
1390
1336
1195
887
562
283
281
316
551
816
1111
1329
1388
1329
1157
808
551
283
180
205
469
742
1066
1303
1365
1324
1194
807
537
269
124
264
456
777
1067
1295
1385
1344
1146
816
604
302
211
217
450
760
1107
1292
1382
1346
1203
801
532
154
101
279
494
768
1084
1336
1387
1346
1187
891
547
269
220
288
459
789
1067
1308
1388
1328
1188
852
554
232
137
251
513
783
1088
1314
1391
1345
1188
886
587
329
203
211
427
784
1107
1326
1401
1354
1219
847
574
297
182
221
522
833
1110
1330
1403
1360
1199
876
563
377
170
162
484
776
1122
1317
1398
1349
1160
859
587
357
173
246
522
797
1070
1323
1419
1385
1216
970
546
253
248
335
518
838
1114
1322
1421
1367
1243
886
607
316
250
347
547
812
1120
1336
1421
1368
1179
904
579
365
292
270
492
786
1101
1324
1398
1351
1160
834
511
348
286
282
483
775
1066
1301
1380
1321
1161
864
533
270
167
240
463
780
1078
1285
1384
1309
1156
929
574
331
134
258
473
795
1093
1311
1399
1349
1179
925
580
311
172
280
559
821
1113
1316
1408
1348
1203
860
614
281
147
245
455
733
1050
1281
1373
1341
1200
833
541
331
218
205
480
808
1105
1322
1378
1370
1165
836
549
243
207
250
456
759
1077
1310
1417
1361
1195
932
564
334
217
252
506
797
1092
1330
1412
1346
1178
842
509
264
182
226
496
777
1083
1309
1390
1337
1203
904
580
338
267
223
521
820
1124
1277
1347
1292
1111
861
546
308
175
241
499
770
1080
1320
1413
1347
1183
915
652
436
256
284
507
825
1130
1334
1412
1364
1220
890
602
331
265
304
570
844
1108
1341
1413
1357
1177
931
599
357
234
274
504
793
1072
1308
1397
1342
1181
870
477
313
172
232
479
738
1066
1331
1385
1343
1132
890
470
290
181
268
459
744
1072
1301
1378
1358
1222
881
527
322
224
262
546
793
1104
1331
1419
1368
1212
859
564
386
209
314
528
810
1091
1329
1406
1350
1180
866
508
399
252
294
529
818
1126
1348
1392
1357
1205
897
611
314
174
306
539
807
1115
1331
1392
1344
1179
913
606
352
193
277
473
783
1108
1299
1397
1357
1227
945
630
332
227
323
494
815
1112
1331
1400
1364
1198
947
588
328
205
294
539
800
1088
1310
1414
1368
1196
942
674
443
306
370
518
787
1103
1318
1423
1378
1232
934
570
332
236
251
501
810
1104
1331
1406
1394
1264
939
560
399
269
283
522
811
1087
1330
1406
1372
1223
939
624
302
150
297
505
785
1070
1295
1402
1352
1220
924
495
334
246
337
513
802
1112
1346
1426
1357
1201
960
616
368
207
311
509
794
1133
1360
1449
1400
1269
932
642
458
231
280
570
816
1114
1340
1413
1401
1243
894
590
313
199
270
505
799
1087
1326
1414
1355
1199
895
547
342
300
262
493
841
1118
1338
1416
1344
1219
945
634
313
343
323
469
782
1109
1336
1416
1371
1226
852
580
319
182
286
505
818
1112
1364
1424
1371
1222
929
628
342
288
272
507
834
1136
1339
1439
1409
1248
942
586
388
276
350
585
841
1109
1351
1435
1413
1256
965
590
391
259
278
527
846
1132
1345
1433
1367
1200
926
734
331
274
323
566
826
1137
1364
1423
1400
1225
915
651
372
298
306
549
844
1143
1375
1444
1356
1250
904
608
408
223
316
537
829
1138
1330
1420
1388
1241
948
631
337
288
298
557
841
1095
1351
1419
1383
1269
933
664
450
293
337
537
830
1127
1352
1443
1418
1259
918
584
351
199
303
560
804
1113
1327
1471
1395
1236
916
556
398
282
309
578
830
1111
1348
1423
1380
1208
934
557
361
265
365
562
828
1124
1342
1425
1391
1281
952
606
436
256
277
544
846
1145
1349
1430
1388
1239
931
591
423
212
292
528
825
1100
1326
1423
1368
1233
924
588
301
207
310
506
824
1118
1322
1387
1371
1197
849
596
314
170
294
531
839
1104
1336
1443
1405
1247
934
675
406
276
282
541
829
1125
1362
1439
1399
1196
856
609
397
300
358
583
844
1140
1345
1448
1396
1240
904
643
307
241
303
510
793
1119
1330
1427
1384
1236
970
598
443
252
246
507
813
1135
1331
1470
1370
1254
909
573
348
215
276
486
766
1096
1326
1361
1354
1174
886
602
350
249
290
521
818
1149
1319
1440
1396
1223
950
675
458
306
333
547
846
1099
1350
1402
1360
1220
939
624
396
271
374
578
828
1138
1352
1429
1369
1197
887
620
373
318
217
504
782
1125
1327
1425
1384
1230
896
669
396
308
342
559
858
1151
1339
1429
1400
1213
933
594
402
308
342
549
808
1124
1329
1414
1377
1227
940
635
391
342
299
512
799
1123
1360
1475
1433
1276
969
618
389
242
271
483
786
1129
1340
1411
1334
1165
911
587
387
242
307
494
818
1113
1316
1425
1349
1231
899
620
350
267
342
511
816
1134
1369
1419
1391
1194
908
580
373
229
330
536
859
1100
1346
1417
1382
1263
930
633
337
263
402
540
797
1105
1304
1393
1332
1227
901
566
297
184
293
553
831
1130
1330
1425
1377
1232
954
664
385
314
317
555
817
1133
1349
1409
1404
1217
918
594
400
227
290
529
818
1091
1322
1432
1389
1221
943
630
289
200
312
532
814
1133
1332
1461
1367
1217
893
621
407
326
373
592
873
1165
1354
1431
1388
1244
937
626
329
198
310
531
816
1121
1340
1445
1352
1193
905
598
408
280
362
556
871
1138
1346
1393
1389
1215
904
609
392
244
241
526
791
1091
1327
1396
1366
1135
881
612
353
287
362
582
880
1172
1374
1456
1363
1200
969
618
375
287
352
577
835
1105
1345
1374
1380
1218
950
619
372
225
334
544
814
1127
1319
1429
1401
1242
944
705
399
306
328
588
873
1141
1385
1465
1411
1238
982
645
484
344
413
593
848
1161
1383
1495
1398
1220
940
695
359
271
279
545
832
1110
1367
1426
1381
1207
911
678
449
324
359
567
872
1132
1351
1477
1447
1232
988
627
399
250
358
539
897
1118
1353
1442
1379
1222
897
563
407
211
337
559
840
1142
1311
1452
1374
1216
912
625
436
342
370
583
858
1125
1343
1444
1361
1216
909
622
420
356
317
558
850
1177
1401
1434
1424
1245
920
695
453
284
383
597
884
1194
1389
1499
1448
1284
945
684
377
304
371
569
824
1134
1374
1460
1419
1262
935
689
432
309
460
614
879
1173
1391
1457
1400
1274
1007
690
430
350
347
623
859
1213
1412
1481
1447
1261
961
655
464
331
383
553
851
1142
1326
1424
1346
1219
905
655
437
318
383
565
845
1138
1369
1432
1373
1247
890
651
409
221
363
598
863
1198
1377
1441
1430
1284
992
655
458
408
385
594
852
1199
1422
1510
1434
1293
990
658
392
338
341
564
853
1151
1394
1505
1410
1235
966
676
423
317
386
585
854
1197
1364
1469
1447
1295
998
688
442
424
390
633
925
1237
1446
1534
1442
1279
956
713
459
408
341
576
864
1187
1395
1481
1449
1283
973
703
402
361
410
650
885
1190
1395
1499
1433
1231
944
631
440
315
412
620
924
1194
1427
1488
1450
1275
1047
697
508
411
467
619
920
1193
1445
1499
1472
1280
1002
648
503
351
395
610
911
1184
1408
1511
1468
1323
986
756
459
391
423
619
849
1173
1342
1464
1436
1295
1046
672
484
334
444
654
919
1231
1428
1497
1500
1346
1058
734
435
382
422
600
873
1229
1410
1536
1464
1316
1011
747
565
366
434
675
950
1216
1431
1519
1471
1318
1025
700
393
301
480
626
900
1195
1426
1479
1458
1327
1039
686
477
354
402
629
911
1208
1438
1514
1496
1296
1021
679
477
381
462
664
940
1225
1430
1524
1468
1330
1065
677
436
317
399
643
894
1220
1460
1554
1471
1323
1000
717
425
306
392
664
955
1233
1420
1519
1480
1327
1031
655
478
364
416
601
918
1239
1412
1523
1495
1311
1058
719
481
290
426
653
954
1218
1398
1535
1489
1320
988
731
496
408
465
626
933
1235
1418
1522
1479
1362
1059
790
523
480
537
711
958
1221
1440
1577
1495
1312
1034
736
522
436
506
661
959
1214
1446
1539
1479
1340
1029
756
480
370
458
667
944
1238
1459
1527
1470
1344
1003
730
504
380
503
681
935
1239
1458
1539
1505
1354
